a = 1:3

a.^2

a^2